Teff 5777.0 logg 4.44 [Fe/H] 0.0 massStar 1.0 xiT 1.0 HeFe 0.0 CO 0.0 AlfFe 0.0 lineThresh -3.0 voigtThresh -3.0 lambda0 5.88e-05 lambda1 5.92e-05 logGamCol 0.5 logKapFudge 0.0 macroV 1.0 rotV 2.0 rotI 90.0 RV 0.0 nInner 2 nOuter 2 ifTiO 1 sampling fine
cgs units, unless otherwise noted
logTauRos   depth   temp   logPgas   logPe  logPRad   logNe   logNH   logRho   mu(amu)   logKapRos   logKap500
-6.0   0.0   3641.9776   -1.0163   -4.0023   -0.3529   8.2963   12.2463   -11.398   1.2574   -3.7313   -3.2325
-5.8298   0.0   3685.1924   1.5049   -2.6018   -0.3324   9.6917   13.7409   -9.9034   1.2575   -3.1422   -2.8165
-5.6596   52.3269   3731.9464   1.7324   -2.3857   -0.3105   9.9023   13.9637   -9.6806   1.2575   -2.9904   -2.6829
-5.4894   88.1265   3779.7994   1.8919   -2.2264   -0.2884   10.0561   14.1198   -9.5245   1.2575   -2.868   -2.5785
-5.3191   117.2779   3827.9322   2.0223   -2.0917   -0.2664   10.1853   14.2473   -9.3971   1.2575   -2.7593   -2.4876
-5.1489   142.9644   3875.8682   2.1372   -1.9706   -0.2448   10.301   14.3594   -9.2849   1.2575   -2.6588   -2.4042
-4.9787   166.6313   3923.3599   2.243   -1.858   -0.2236   10.4083   14.4625   -9.1818   1.2575   -2.5636   -2.3254
-4.8085   189.056   3970.1739   2.343   -1.7511   -0.203   10.5101   14.56   -9.0844   1.2575   -2.4723   -2.2495
-4.6383   210.701   4016.3593   2.4393   -1.6481   -0.1829   10.608   14.6537   -8.9906   1.2575   -2.3837   -2.1755
-4.4681   231.8574   4062.0619   2.5332   -1.5479   -0.1633   10.7032   14.745   -8.8993   1.2574   -2.2971   -2.1025
-4.2979   252.7163   4107.4236   2.6255   -1.4497   -0.144   10.7966   14.8347   -8.8096   1.2574   -2.212   -2.0302
-4.1277   273.4093   4152.6126   2.7167   -1.353   -0.125   10.8886   14.9233   -8.7211   1.2574   -2.128   -1.9582
-3.9574   294.0289   4197.681   2.8073   -1.2574   -0.1062   10.9795   15.0111   -8.6333   1.2574   -2.0449   -1.8864
-3.7872   314.6422   4242.5336   2.8975   -1.1626   -0.0878   11.0697   15.0984   -8.546   1.2574   -1.9625   -1.8144
-3.617   335.2988   4286.9996   2.9874   -1.0685   -0.0697   11.1593   15.1854   -8.4589   1.2574   -1.8806   -1.7423
-3.4468   356.0356   4330.9674   3.0773   -0.9751   -0.0519   11.2483   15.2723   -8.3721   1.2574   -1.7993   -1.67
-3.2766   376.8804   4374.3142   3.1671   -0.8822   -0.0346   11.3368   15.3591   -8.2853   1.2574   -1.7184   -1.5973
-3.1064   397.8545   4417.0222   3.257   -0.7898   -0.0178   11.425   15.4458   -8.1985   1.2574   -1.6378   -1.5243
-2.9362   418.9749   4459.276   3.347   -0.6978   -0.0012   11.5128   15.5326   -8.1117   1.2574   -1.5575   -1.4509
-2.766   440.256   4501.2505   3.437   -0.6061   0.0151   11.6004   15.6194   -8.0249   1.2574   -1.4775   -1.3773
-2.5957   461.7111   4543.2637   3.5272   -0.5146   0.0312   11.6879   15.7062   -7.9382   1.2574   -1.3977   -1.3035
-2.4255   483.3528   4585.6962   3.6175   -0.4232   0.0474   11.7753   15.7929   -7.8514   1.2574   -1.3181   -1.2294
-2.2553   505.194   4629.0817   3.7079   -0.3317   0.0637   11.8627   15.8795   -7.7648   1.2574   -1.2386   -1.1552
-2.0851   527.2483   4674.4393   3.7984   -0.2397   0.0806   11.9504   15.966   -7.6783   1.2574   -1.1592   -1.0808
-1.9149   549.5303   4722.2326   3.889   -0.1473   0.0983   12.0385   16.0522   -7.5921   1.2574   -1.0798   -1.0063
-1.7447   572.0555   4773.5175   3.9796   -0.054   0.1171   12.1271   16.1381   -7.5062   1.2574   -1.0003   -0.9315
-1.5745   594.8411   4830.882   4.0702   0.0409   0.1378   12.2168   16.2233   -7.421   1.2574   -0.9205   -0.8564
-1.4043   617.9055   4895.1063   4.1606   0.1375   0.1608   12.3076   16.3077   -7.3366   1.2574   -0.8401   -0.7807
-1.234   641.2658   4968.3823   4.2508   0.2364   0.1866   12.4001   16.3909   -7.2534   1.2574   -0.7587   -0.7041
-1.0638   664.9342   5057.327   4.3405   0.3397   0.2174   12.4956   16.472   -7.1724   1.2574   -0.6753   -0.6252
-0.8936   688.9041   5164.7941   4.4291   0.4486   0.2539   12.5955   16.5497   -7.0946   1.2574   -0.5881   -0.5424
-0.7234   713.1311   5296.5595   4.5157   0.567   0.2977   12.7029   16.6221   -7.0222   1.2574   -0.4943   -0.4522
-0.5532   737.5045   5468.2033   4.5988   0.707   0.3531   12.8291   16.6848   -6.9596   1.2574   -0.3879   -0.3486
-0.383   761.8607   5686.0219   4.6763   0.8886   0.421   12.9937   16.7336   -6.9107   1.2573   -0.2648   -0.2261
-0.2128   785.4282   5964.0024   4.7447   1.1346   0.5039   13.219   16.7667   -6.8776   1.2571   -0.1005   -0.0599
-0.0426   805.7939   6297.5894   4.7985   1.4018   0.5984   13.4625   16.7888   -6.8556   1.2567   0.1533   0.1993
0.1277   820.3327   6714.8258   4.8344   1.6656   0.7099   13.6984   16.8032   -6.8412   1.2553   0.5137   0.5684
0.2979   829.6276   7184.0429   4.8569   1.9561   0.8272   13.9597   16.8123   -6.8321   1.2517   0.8531   0.9182
0.4681   836.068   7809.2686   4.8722   2.3662   0.9722   14.3335   16.805   -6.8393   1.2421   1.1628   1.2412
0.6383   841.5555   8307.7819   4.8848   2.6973   1.0797   14.6377   16.7988   -6.8455   1.2302   1.336   1.4242
0.8085   847.5165   8684.0786   4.8982   2.9405   1.1566   14.8617   16.7975   -6.8468   1.2187   1.4414   1.5369
0.9787   854.6667   8997.2661   4.9139   3.1351   1.2182   15.0409   16.7999   -6.8444   1.2075   1.5195   1.6212
1.1489   864.1232   9274.0506   4.9342   3.3477   1.2708   15.2404   16.8066   -6.8378   1.2026   1.5374   1.6455
1.3191   876.5894   9531.5307   4.9599   3.4889   1.3184   15.3696   16.8132   -6.8312   1.1916   1.6003   1.7149
1.4894   892.2934   9775.6916   4.9906   3.6169   1.3623   15.4866   16.8233   -6.821   1.1801   1.6605   1.7819
1.6596   982.9683   10009.7137   5.2209   3.7666   1.4034   15.6261   17.0407   -6.6036   1.1725   0.642   0.9802
1.8298   1115.512   10237.9616   5.4528   3.9079   1.4426   15.7576   17.2625   -6.3819   1.165   0.7995   1.1227
2.0   1204.795   10460.5443   5.61   4.0337   1.4799   15.8741   17.4075   -6.2369   1.1566   0.9417   1.2733
