Teff 5777.0 logg 4.44 [Fe/H] 0.0 massStar 1.0 xiT 1.0 HeFe 0.0 CO 0.0 AlfFe 0.0 lineThresh -3.0 voigtThresh -3.0 lambda0 5.88e-05 lambda1 5.92e-05 logGamCol 0.5 logKapFudge 0.0 macroV 1.0 rotV 2.0 rotI 90.0 RV 0.0 nInner 2 nOuter 2 ifTiO 1 sampling fine
User-defined two-level atom and line: Equivalent width: 73.5901822499 pm 
wave (nm)   normalized flux 
582.2941   0.9991
585.7549   0.9991
587.5745   0.999
588.5312   0.9986
589.0342   0.9974
589.2987   0.9925
589.4378   0.9676
589.5109   0.9198
589.5494   0.7975
589.5696   0.6379
589.5763   0.5454
589.5802   0.4524
589.5842   0.3396
589.5881   0.2653
589.592   0.2409
589.5959   0.2658
589.5998   0.3418
589.6038   0.4561
589.6077   0.5494
589.6144   0.6417
589.6346   0.8038
589.6731   0.9253
589.7462   0.9774
589.8853   0.9931
590.1498   0.9974
590.6528   0.9986
591.6095   0.999
593.4291   0.9991
596.8899   0.9991

log_10 energy level populations (cm^-3) 
tauRos    n_l    n_I    n_II    N_III   N_IV-6.0   3.3284   3.0274   7.4863   -46.7527   -111.0754
-5.8298   4.26   3.959   8.0223   -45.9289   -109.8376
-5.6596   4.5475   4.2465   8.2178   -45.1037   -108.2495
-5.4894   4.7366   4.4356   8.3601   -44.2883   -106.6279
-5.3191   4.8824   4.5813   8.478   -43.492   -105.0229
-5.1489   5.0056   4.7046   8.5827   -42.72   -103.457
-4.9787   5.1164   4.8154   8.6796   -41.9743   -101.94
-4.8085   5.2206   4.9196   8.7715   -41.2568   -100.4789
-4.6383   5.3214   5.0204   8.8604   -40.565   -99.0706
-4.4681   5.4205   5.1195   8.9473   -39.8958   -97.709
-4.2979   5.5191   5.218   9.0331   -39.2459   -96.3883
-4.1277   5.6177   5.3167   9.118   -38.6124   -95.1021
-3.9574   5.717   5.4159   9.2026   -37.9938   -93.8481
-3.7872   5.8174   5.5163   9.287   -37.391   -92.6278
-3.617   5.9194   5.6184   9.3714   -36.8055   -91.4451
-3.4468   6.0236   5.7225   9.4559   -36.238   -90.3017
-3.2766   6.13   5.8289   9.5407   -35.6894   -89.1992
-3.1064   6.2387   5.9377   9.6257   -35.1591   -88.1366
-2.9362   6.3495   6.0485   9.711   -34.6441   -87.1075
-2.766   6.4621   6.1611   9.7966   -34.1418   -86.1063
-2.5957   6.576   6.275   9.8824   -33.6482   -85.1241
-2.4255   6.6907   6.3897   9.9683   -33.1588   -84.1512
-2.2553   6.8055   6.5045   10.0544   -32.6679   -83.1748
-2.0851   6.9192   6.6181   10.1405   -32.1647   -82.172
-1.9149   7.0312   6.7302   10.2264   -31.6455   -81.1343
-1.7447   7.1405   6.8395   10.3121   -31.1008   -80.0408
-1.5745   7.2444   6.9434   10.3973   -30.5066   -78.8396
-1.4043   7.3426   7.0416   10.4818   -29.8596   -77.523
-1.234   7.4335   7.1325   10.5654   -29.1441   -76.0569
-1.0638   7.512   7.2109   10.6473   -28.3079   -74.3266
-0.8936   7.5787   7.2777   10.727   -27.3425   -72.3131
-0.7234   7.6352   7.3342   10.8032   -26.2251   -69.9641
-0.5532   7.6853   7.3843   10.8728   -24.8793   -67.1076
-0.383   7.7555   7.4545   10.933   -23.3436   -63.8188
-0.2128   7.8645   7.5634   10.9827   -21.6152   -60.0865
-0.0426   7.9637   7.6627   11.026   -19.7452   -56.0367
0.1277   7.9969   7.6958   11.0633   -17.6131   -51.4162
0.2979   8.0224   7.7214   11.0924   -15.5199   -46.8696
0.4681   8.0804   7.7794   11.1002   -13.2027   -41.7948
0.6383   8.1585   7.8574   11.1046   -11.6396   -38.3672
0.8085   8.2296   7.9285   11.1113   -10.5865   -36.0619
0.9787   8.2931   7.9921   11.1202   -9.7783   -34.2961
1.1489   8.3957   8.0947   11.1274   -9.1596   -32.9348
1.3191   8.4413   8.1403   11.1368   -8.5655   -31.6409
1.4894   8.4859   8.1849   11.1492   -8.0268   -30.472
1.6596   8.7658   8.4648   11.3632   -7.3689   -29.2754
1.8298   9.0281   8.7271   11.5671   -6.7503   -28.1556
2.0   9.1965   8.8954   11.6892   -6.2329   -27.1621
