Teff 5777.0 logg 4.44 [Fe/H] 0.0 massStar 1.0 xiT 1.0 HeFe 0.0 CO 0.0 AlfFe 0.0 lineThresh -3.0 voigtThresh -3.0 lambda0 5.88e-05 lambda1 5.92e-05 logGamCol 0.5 logKapFudge 0.0 macroV 1.0 rotV 2.0 rotI 90.0 RV 0.0 nInner 2 nOuter 2 ifTiO 1 sampling fine
User-defined two-level atom and line: Equivalent width: 81.7664854822 pm 
wave (nm)   normalized flux 
582.2941   0.9985
585.7549   0.9985
587.5745   0.9984
588.5312   0.9981
589.0342   0.9969
589.2987   0.9924
589.4378   0.9751
589.5109   0.9227
589.5494   0.7921
589.5696   0.6406
589.5763   0.5483
589.5802   0.4451
589.5842   0.3202
589.5881   0.2474
589.592   0.2291
589.5959   0.261
589.5998   0.3468
589.6038   0.4728
589.6077   0.5626
589.6144   0.6444
589.6346   0.7903
589.6731   0.9239
589.7462   0.9764
589.8853   0.9922
590.1498   0.9905
590.6528   0.998
591.6095   0.9984
593.4291   0.9985
596.8899   0.9985

log_10 energy level populations (cm^-3) 
tauRos    n_l    n_I    n_II    N_III   N_IV-6.0   1.3853   1.0842   6.4863   -46.8095   -110.189
-5.8298   4.1847   3.8837   7.9809   -45.9363   -109.8111
-5.6596   4.5224   4.2214   8.2037   -45.1069   -108.2418
-5.4894   4.7366   4.4356   8.3597   -44.2889   -106.6289
-5.3191   4.8995   4.5984   8.4872   -43.4907   -105.0296
-5.1489   5.0361   4.7351   8.5994   -42.7173   -103.4681
-4.9787   5.1583   4.8572   8.7025   -41.9704   -101.9549
-4.8085   5.2724   4.9714   8.7999   -41.2518   -100.4974
-4.6383   5.3821   5.0811   8.8936   -40.5593   -99.0924
-4.4681   5.4893   5.1883   8.985   -39.8894   -97.7338
-4.2979   5.5952   5.2942   9.0746   -39.2389   -96.4159
-4.1277   5.7005   5.3995   9.1632   -38.6049   -95.1323
-3.9574   5.8058   5.5048   9.251   -37.9859   -93.8806
-3.7872   5.9117   5.6107   9.3383   -37.3827   -92.6625
-3.617   6.0187   5.7176   9.4253   -36.7968   -91.4817
-3.4468   6.1271   5.826   9.5122   -36.229   -90.3399
-3.2766   6.2372   5.9361   9.599   -35.68   -89.2387
-3.1064   6.349   6.048   9.6857   -35.1493   -88.1772
-2.9362   6.4624   6.1614   9.7725   -34.6339   -87.1488
-2.766   6.577   6.276   9.8593   -34.1313   -86.1481
-2.5957   6.6925   6.3915   9.946   -33.6373   -85.166
-2.4255   6.8083   6.5073   10.0328   -33.1476   -84.1931
-2.2553   6.9238   6.6228   10.1194   -32.6562   -83.2165
-2.0851   7.0379   6.7368   10.2059   -32.1526   -82.2132
-1.9149   7.15   6.849   10.2921   -31.633   -81.1748
-1.7447   7.2591   6.9581   10.3779   -31.0877   -80.0805
-1.5745   7.3624   7.0614   10.4631   -30.4929   -78.878
-1.4043   7.4595   7.1585   10.5475   -29.845   -77.5596
-1.234   7.5483   7.2473   10.6308   -29.1283   -76.0905
-1.0638   7.6228   7.3217   10.7118   -28.2898   -74.3548
-0.8936   7.6814   7.3804   10.7896   -27.3202   -72.3309
-0.7234   7.7216   7.4205   10.862   -26.194   -69.9606
-0.5532   7.7382   7.4372   10.9246   -24.8285   -67.0578
-0.383   7.7474   7.4463   10.9735   -23.2544   -63.681
-0.2128   7.7657   7.4647   11.0066   -21.4686   -59.8173
-0.0426   7.7697   7.4687   11.0287   -19.5459   -55.6407
0.1277   7.7276   7.4266   11.043   -17.3842   -50.9383
0.2979   7.7076   7.4065   11.0522   -15.2855   -46.3606
0.4681   7.7385   7.4374   11.0449   -12.9714   -41.2768
0.6383   7.8044   7.5034   11.0387   -11.4174   -37.8569
0.8085   7.8692   7.5681   11.0374   -10.3739   -35.5628
0.9787   7.9289   7.6279   11.0397   -9.5749   -33.809
1.1489   8.0339   7.7328   11.0464   -8.9598   -32.4542
1.3191   8.0806   7.7795   11.0529   -8.3726   -31.1711
1.4894   8.1273   7.8263   11.0631   -7.8405   -30.0132
1.6596   8.4104   8.1093   11.2804   -7.1791   -28.813
1.8298   8.6913   8.3902   11.5021   -6.5434   -27.6768
2.0   8.8848   8.5838   11.6471   -6.0055   -26.6652
