Teff 5777.0 logg 4.44 [Fe/H] 0.0 massStar 1.0 xiT 1.0 HeFe 0.0 CO 0.0 AlfFe 0.0 lineThresh -3.0 voigtThresh -3.0 lambda0 5.88e-05 lambda1 5.92e-05 logGamCol 0.5 logKapFudge 0.0 macroV 1.0 rotV 2.0 rotI 90.0 RV 0.0 nInner 2 nOuter 2 ifTiO 1 sampling fine
Number of lines treated with Voigt profiles: 27
Number of wavelength points: 546
wave (nm)     normalized flux 
588.0004   0.9997
588.0135   0.9997
588.0257   0.9997
588.0532   0.999
588.0591   0.9996
588.0729   0.9995
588.0809   0.9988
588.0927   0.9982
588.0955   0.9961
588.1   0.9933
588.1032   0.9887
588.106   0.9789
588.1079   0.9659
588.1104   0.9497
588.1117   0.9463
588.1145   0.9594
588.1163   0.9725
588.1182   0.9845
588.1197   0.9899
588.123   0.9955
588.1266   0.9965
588.1279   0.9962
588.13   0.9958
588.1334   0.9974
588.1369   0.9989
588.1403   0.9994
588.1418   0.9995
588.1437   0.9995
588.1496   0.9994
588.1534   0.9987
588.1576   0.9986
588.1673   0.9986
588.1702   0.9984
588.1729   0.9969
588.178   0.9936
588.181   0.99
588.184   0.9806
588.187   0.9618
588.1899   0.949
588.1929   0.9622
588.1959   0.9825
588.1989   0.9928
588.2009   0.9958
588.2043   0.9981
588.2069   0.9985
588.2223   0.9995
588.2515   0.9995
588.2573   0.9995
588.2616   0.999
588.2649   0.9983
588.2957   0.9994
588.307   0.9994
588.3234   0.9994
588.3329   0.9994
588.3397   0.9994
588.377   0.9993
588.379   0.9993
588.3815   0.9993
588.3866   0.9993
588.3945   0.9992
588.4125   0.9992
588.4333   0.9991
588.443   0.9991
588.4464   0.9991
588.4527   0.9991
588.4577   0.9991
588.4737   0.9989
588.4767   0.9982
588.4861   0.9939
588.4881   0.9953
588.4929   0.9982
588.4944   0.9982
588.4956   0.9979
588.4984   0.997
588.5003   0.9959
588.5037   0.9936
588.5068   0.9921
588.5096   0.9909
588.5124   0.9893
588.5139   0.9877
588.5151   0.9871
588.5174   0.9871
588.5199   0.9884
588.5243   0.987
588.5277   0.9764
588.5334   0.942
588.5362   0.9047
588.539   0.8183
588.5419   0.7059
588.5447   0.6614
588.5475   0.7121
588.5504   0.8322
588.5531   0.9257
588.556   0.968
588.5609   0.9889
588.5755   0.9984
588.585   0.9968
588.6019   0.9987
588.6033   0.9986
588.606   0.9987
588.6133   0.9986
588.618   0.9986
588.6312   0.998
588.6337   0.9978
588.6452   0.9985
588.6483   0.9984
588.6532   0.9983
588.656   0.9982
588.6589   0.9981
588.6617   0.9978
588.6645   0.9976
588.6674   0.9978
588.6702   0.9981
588.673   0.9982
588.6759   0.9982
588.6807   0.9982
588.6949   0.9981
588.6964   0.9981
588.7123   0.9979
588.7231   0.9978
588.7293   0.9978
588.7543   0.9975
588.7565   0.9974
588.7707   0.9973
588.7759   0.9972
588.793   0.9969
588.8154   0.9964
588.8404   0.9958
588.8657   0.9947
588.8764   0.993
588.9001   0.9935
588.9122   0.993
588.9357   0.9916
588.9476   0.991
588.9578   0.9901
588.9789   0.9881
588.9839   0.9875
588.9951   0.9862
588.9989   0.9857
589.0017   0.9852
589.0035   0.9848
589.0084   0.9836
589.0437   0.9691
589.0532   0.9648
589.0581   0.9621
589.0629   0.9588
589.0675   0.9551
589.0774   0.9446
589.0855   0.9292
589.0944   0.9062
589.0966   0.9002
589.0995   0.8923
589.1024   0.8842
589.1047   0.8771
589.1098   0.8605
589.1144   0.8403
589.1158   0.8321
589.1202   0.801
589.1237   0.7709
589.1253   0.7566
589.1271   0.7407
589.1293   0.7203
589.1305   0.7089
589.134   0.6714
589.1356   0.6519
589.1374   0.6279
589.1409   0.5733
589.1427   0.5367
589.1443   0.4941
589.146   0.4416
589.1477   0.3801
589.1505   0.287
589.1536   0.2213
589.1573   0.1959
589.1604   0.2088
589.1621   0.2295
589.1634   0.2523
589.1662   0.3221
589.1695   0.4406
589.1711   0.4956
589.1725   0.5415
589.174   0.5794
589.1756   0.6119
589.1807   0.6866
589.1961   0.8119
589.1988   0.8306
589.2008   0.843
589.2036   0.8524
589.2051   0.8542
589.2064   0.8526
589.2092   0.8415
589.212   0.8359
589.2148   0.8576
589.2176   0.8881
589.2204   0.9074
589.2216   0.9131
589.2232   0.9186
589.2264   0.9272
589.2279   0.9305
589.2392   0.9497
589.2416   0.9522
589.2574   0.9634
589.268   0.9697
589.2696   0.9704
589.2831   0.9755
589.2851   0.9762
589.3061   0.9833
589.3089   0.9841
589.3109   0.9847
589.3122   0.9849
589.3178   0.9858
589.3216   0.9862
589.3355   0.9873
589.3407   0.9878
589.3444   0.9881
589.3495   0.9885
589.3547   0.9888
589.3598   0.9889
589.365   0.9891
589.3702   0.9898
589.3753   0.9905
589.3805   0.9909
589.3856   0.9881
589.391   0.9865
589.3928   0.9874
589.3945   0.9895
589.3991   0.992
589.4201   0.9847
589.4309   0.9799
589.4345   0.9662
589.4379   0.9476
589.4393   0.9353
589.4421   0.8971
589.4449   0.8085
589.4477   0.6906
589.4505   0.6428
589.4533   0.6963
589.4561   0.8224
589.4589   0.9197
589.4617   0.9618
589.4629   0.9714
589.4665   0.9827
589.4717   0.9864
589.4737   0.9886
589.4809   0.9915
589.4872   0.9917
589.4917   0.9911
589.4943   0.9914
589.4969   0.9922
589.4995   0.9929
589.5022   0.9931
589.5048   0.9933
589.5074   0.9934
589.51   0.9935
589.5127   0.9936
589.5172   0.9936
589.5307   0.9934
589.5336   0.9932
589.5564   0.9929
589.5603   0.9927
589.5679   0.9925
589.5965   0.991
589.6018   0.9906
589.6053   0.9902
589.6086   0.9898
589.6228   0.9875
589.6594   0.9776
589.6681   0.9733
589.6748   0.9687
589.6772   0.9662
589.6868   0.9507
589.6972   0.9346
589.7132   0.8967
589.7148   0.8889
589.7212   0.8474
589.7334   0.7303
589.7401   0.6054
589.7441   0.4783
589.748   0.3312
589.7508   0.2629
589.7558   0.2287
589.7597   0.2665
589.7636   0.3688
589.7676   0.5226
589.7715   0.6534
589.7782   0.7708
589.7984   0.9095
589.8368   0.9724
589.8478   0.9776
589.8695   0.985
589.8751   0.9864
589.8952   0.9903
589.898   0.9907
589.9098   0.9922
589.9369   0.9939
589.9617   0.9951
589.9663   0.9953
589.9754   0.9955
589.9871   0.996
589.9995   0.9964
590.002   0.9965
590.0311   0.9936
590.0417   0.9974
590.0487   0.9975
590.0604   0.9939
590.0637   0.9927
590.0701   0.9925
590.0754   0.9861
590.0809   0.9679
590.0839   0.95
590.0869   0.9024
590.0897   0.8245
590.0928   0.7736
590.0958   0.8214
590.0988   0.9111
590.1018   0.9639
590.1048   0.9842
590.1099   0.9934
590.1222   0.9981
590.1253   0.9982
590.1317   0.9972
590.1546   0.9985
590.1649   0.9985
590.1904   0.9987
590.2061   0.9988
590.2102   0.9988
590.2167   0.9986
590.2334   0.9989
590.2434   0.9989
590.2712   0.999
590.2783   0.9991
590.2803   0.9991
590.2859   0.999
590.2908   0.999
590.2936   0.9989
590.2964   0.9988
590.2993   0.9984
590.3021   0.9981
590.305   0.9984
590.3078   0.9988
590.3106   0.999
590.3128   0.9991
590.3161   0.9992
590.3184   0.9992
590.3233   0.9992
590.3264   0.9992
590.333   0.9992
590.3609   0.9993
590.3776   0.9993
590.383   0.9993
590.3871   0.9993
590.3913   0.9993
590.4138   0.9993
590.4296   0.9991
590.4333   0.9986
590.4345   0.9985
590.4374   0.9988
590.4402   0.9989
590.443   0.9986
590.4459   0.9981
590.4487   0.9978
590.4516   0.998
590.4544   0.9982
590.4573   0.9987
590.4621   0.9987
590.4768   0.998
590.478   0.9973
590.4831   0.9948
590.4861   0.992
590.4891   0.9847
590.4921   0.97
590.4951   0.9599
590.4965   0.9634
590.4981   0.9703
590.5011   0.9862
590.5041   0.9943
590.507   0.9974
590.51   0.9985
590.5122   0.9987
590.5146   0.9988
590.5175   0.9991
590.5276   0.9993
590.5569   0.9995
590.5847   0.9994
590.6126   0.9995
590.619   0.9995
590.6466   0.9996
590.6584   0.9995
590.672   0.9953
590.6883   0.9993
590.6907   0.9985
590.6998   0.9927
590.7062   0.9914
590.7145   0.9771
590.7185   0.9572
590.7222   0.9196
590.7251   0.8454
590.7279   0.7436
590.73   0.7043
590.7336   0.7499
590.7364   0.8585
590.7393   0.9397
590.7421   0.9737
590.7464   0.9893
590.7563   0.9981
590.7606   0.9992
590.77   0.9978
590.7757   0.9973
590.7892   0.9981
590.7911   0.9969
590.7963   0.9936
590.7993   0.9899
590.8022   0.9804
590.8052   0.9614
590.8082   0.9483
590.8112   0.9617
590.8142   0.9823
590.8172   0.9924
590.8202   0.9964
590.8253   0.9984
590.8407   0.9997
590.8422   0.9997
590.8501   0.9993
590.87   0.9997
590.8813   0.9988
590.8848   0.999
590.8875   0.9995
590.8896   0.9996
590.8925   0.9996
590.8953   0.9994
590.8982   0.9992
590.9006   0.9991
590.9022   0.9992
590.9039   0.9993
590.9067   0.9996
590.9096   0.9997
590.9124   0.9997
590.9173   0.9997
590.9201   0.9997
590.9258   0.9998
590.9319   0.9998
590.9434   0.9998
590.9482   0.9998
590.9598   0.9998
590.9615   0.9998
591.0128   0.9998
591.0182   0.9998
591.0318   0.9998
591.0491   0.9998
591.0707   0.9998
591.1022   0.9965
591.1137   0.9998
591.1301   0.9951
591.1351   0.9931
591.1447   0.9833
591.1496   0.9656
591.1525   0.9445
591.1553   0.8926
591.1581   0.8067
591.161   0.7622
591.1638   0.809
591.1667   0.9021
591.1695   0.9596
591.1712   0.9757
591.1773   0.9943
591.1919   0.9997
591.2146   0.9998
591.2198   0.9998
591.2292   0.9998
591.2334   0.9998
591.2729   0.9998
591.3034   0.9999
591.3055   0.9999
591.3164   0.9999
591.3207   0.9999
591.3272   0.9999
591.3738   0.9999
591.3835   0.9999
591.4282   0.9999
591.4368   0.9996
591.4813   0.9999
591.4872   0.9999
591.4998   0.9999
591.5092   0.9986
591.5239   0.9998
591.5287   0.9998
591.5316   0.9997
591.5344   0.9995
591.5373   0.9992
591.5401   0.999
591.543   0.9992
591.5458   0.9996
591.5487   0.9998
591.5515   0.9998
591.5564   0.9999
591.5657   0.9999
591.5711   0.9999
591.5756   0.9999
591.599   0.9999
591.6089   0.9999
591.6169   0.9999
591.6291   0.9999
591.6521   0.9998
591.6611   0.999
591.6703   0.9998
591.6766   0.9998
591.6886   0.9984
591.703   0.9932
591.7078   0.9881
591.7106   0.9804
591.7134   0.9629
591.7162   0.9292
591.719   0.9068
591.7218   0.9282
591.7246   0.962
591.7274   0.9807
591.7298   0.9881
591.735   0.9975
591.7494   0.9984
591.753   0.9952
591.7577   0.9923
591.7638   0.9906
591.7682   0.9899
591.7707   0.9821
591.7724   0.976
591.7769   0.9508
591.7801   0.9149
591.7829   0.8354
591.7858   0.7216
591.7886   0.6729
591.7915   0.7266
591.7943   0.8485
591.7972   0.9362
591.8   0.9727
591.8049   0.9912
591.8196   0.9996
591.8291   0.998
591.8475   0.9999
591.8734   0.9996
591.9006   0.9999
591.9079   0.9999
591.9284   0.9999
591.9306   0.9999
591.9405   0.9999
591.9451   0.9999
592.0016   0.9999
 lambda_0 species
588.11   Fe I 588.11
588.13   S I 588.13
588.19   Ti I 588.19
588.5   Co I 588.5
588.51   S I 588.51
588.54   Fe I 588.54
588.66   Fe II 588.66
589.12   C I 589.12
589.13   S I 589.13
589.16   Na I 589.16
589.16   Sc II 589.16
589.21   Co I 589.21
589.37   C I 589.37
589.45   Ni I 589.45
589.5   Ge II 589.5
589.76   Na I 589.76
590.09   Ti I 590.09
590.3   Fe II 590.3
590.45   Fe II 590.45
590.5   Ti I 590.5
590.73   Fe I 590.73
590.81   Ti I 590.81
590.9   Fe II 590.9
591.16   Fe I 591.16
591.54   Fe II 591.54
591.72   Co I 591.72
591.79   Fe I 591.79
